---
maxVel: 46.0
maxAccel: 40.0
maxAngVel: 3.141592653589793
maxAngAccel: 3.141592653589793
robotLength: 18.0
robotWidth: 14.0
driveType: "MECANUM"
trackWidth: 15.23
lateralMultiplier: 1.0
