---
startPose:
  x: -32.0
  y: 70.0
  heading: -1.5707963267948966
startTangent: 0.0
waypoints:
- position:
    x: -36.0
    y: 33.0
  heading: -1.5707963267948966
  tangent: 0.0
  interpolationType: "LINEAR"
resolution: 0.25
version: 1
